% bbGt version=3
other 1 152 511 413 0 0 0 0 0 0 0
door 1 388 23 130 0 0 0 0 0 0 0
door 97 389 61 144 0 0 0 0 0 0 0
other 1 561 511 137 0 0 0 0 0 0 0
other 1 674 511 94 0 0 0 0 0 0 0
other 1 1 511 280 0 0 0 0 0 0 0
other 1 503 74 133 0 0 0 0 0 0 0
other 132 576 380 56 0 0 0 0 0 0 0
other 152 408 89 158 0 0 0 0 0 0 0
other 260 440 126 51 0 0 0 0 0 0 0
other 402 503 110 60 0 0 0 0 0 0 0
window 1 220 16 53 0 0 0 0 0 0 0
window 114 220 32 54 0 0 0 0 0 0 0
window 260 209 116 89 0 0 0 0 0 0 0
window 261 389 117 72 0 0 0 0 0 0 0
window 278 466 101 16 0 0 0 0 0 0 0
