% bbGt version=3
other 1 78 511 525 0 0 0 0 0 0 0
other 18 557 206 82 0 0 0 0 0 0 0
other 277 552 235 84 0 0 0 0 0 0 0
door 1 503 17 95 0 0 0 0 0 0 0
door 217 484 60 88 0 0 0 0 0 0 0
other 55 709 417 59 0 0 0 0 0 0 0
other 222 604 77 23 0 0 0 0 0 0 0
other 60 625 404 96 0 0 0 0 0 0 0
other 1 1 511 157 0 0 0 0 0 0 0
other 1 604 71 164 0 0 0 0 0 0 0
other 447 619 65 149 0 0 0 0 0 0 0
window 1 236 30 58 0 0 0 0 0 0 0
window 1 349 20 78 0 0 0 0 0 0 0
window 89 455 72 94 0 0 0 0 0 0 0
window 98 309 70 97 0 0 0 0 0 0 0
window 107 210 59 72 0 0 0 0 0 0 0
window 156 135 31 27 0 0 0 0 0 0 0
window 213 310 71 98 0 0 0 0 0 0 0
window 221 211 56 71 0 0 0 0 0 0 0
window 285 137 30 26 0 0 0 0 0 0 0
window 329 312 70 97 0 0 0 0 0 0 0
window 333 214 57 71 0 0 0 0 0 0 0
window 334 457 69 92 0 0 0 0 0 0 0
window 472 287 40 83 0 0 0 0 0 0 0
window 481 426 30 90 0 0 0 0 0 0 0
window 483 210 18 21 0 0 0 0 0 0 0
