% bbGt version=3
other 1 82 511 504 0 0 0 0 0 0 0
door 71 346 67 153 0 0 0 0 0 0 0
door 504 348 8 151 0 0 0 0 0 0 0
other 1 547 112 161 0 0 0 0 0 0 0
other 170 585 299 129 0 0 0 0 0 0 0
other 1 707 511 61 0 0 0 0 0 0 0
other 1 1 511 108 0 0 0 0 0 0 0
other 1 470 53 91 0 0 0 0 0 0 0
other 100 480 104 133 0 0 0 0 0 0 0
other 455 526 57 61 0 0 0 0 0 0 0
other 478 490 27 26 0 0 0 0 0 0 0
window 100 177 29 46 0 0 0 0 0 0 0
window 248 345 128 101 0 0 0 0 0 0 0
window 249 161 124 89 0 0 0 0 0 0 0
window 275 538 74 37 0 0 0 0 0 0 0
