% bbGt version=3
other 1 25 511 651 0 0 0 0 0 0 0
door 468 625 44 31 0 0 0 0 0 0 0
other 1 661 511 107 0 0 0 0 0 0 0
other 1 1 511 158 0 0 0 0 0 0 0
other 1 449 90 247 0 0 0 0 0 0 0
other 134 668 25 32 0 0 0 0 0 0 0
other 259 575 253 107 0 0 0 0 0 0 0
window 95 463 86 92 0 0 0 0 0 0 0
window 102 324 83 85 0 0 0 0 0 0 0
window 107 611 209 67 0 0 0 0 0 0 0
window 110 199 79 77 0 0 0 0 0 0 0
window 129 103 57 53 0 0 0 0 0 0 0
window 204 465 82 90 0 0 0 0 0 0 0
window 205 327 80 84 0 0 0 0 0 0 0
window 208 204 75 76 0 0 0 0 0 0 0
window 218 107 54 54 0 0 0 0 0 0 0
window 302 209 74 76 0 0 0 0 0 0 0
window 305 112 53 55 0 0 0 0 0 0 0
window 305 330 78 83 0 0 0 0 0 0 0
window 307 466 81 88 0 0 0 0 0 0 0
window 433 208 60 73 0 0 0 0 0 0 0
window 443 326 65 82 0 0 0 0 0 0 0
window 451 459 61 84 0 0 0 0 0 0 0
window 465 115 44 48 0 0 0 0 0 0 0
