% bbGt version=3
other 1 38 767 423 0 0 0 0 0 0 0
door 547 333 42 77 0 0 0 0 0 0 0
other 611 441 157 71 0 0 0 0 0 0 0
other 1 1 767 79 0 0 0 0 0 0 0
other 1 122 134 244 0 0 0 0 0 0 0
other 1 327 667 185 0 0 0 0 0 0 0
other 649 436 37 15 0 0 0 0 0 0 0
other 671 434 97 49 0 0 0 0 0 0 0
window 141 424 69 30 0 0 0 0 0 0 0
window 143 269 66 76 0 0 0 0 0 0 0
window 148 117 67 72 0 0 0 0 0 0 0
window 274 279 36 57 0 0 0 0 0 0 0
window 275 129 36 52 0 0 0 0 0 0 0
window 372 120 64 71 0 0 0 0 0 0 0
window 374 269 64 75 0 0 0 0 0 0 0
window 374 420 62 30 0 0 0 0 0 0 0
window 530 164 70 99 0 0 0 0 0 0 0
window 673 131 58 66 0 0 0 0 0 0 0
window 683 269 58 69 0 0 0 0 0 0 0
window 689 408 57 24 0 0 0 0 0 0 0
