% bbGt version=3
other 1 33 511 671 0 0 0 0 0 0 0
other 368 605 144 163 0 0 0 0 0 0 0
door 75 437 60 231 0 0 0 0 0 0 0
other 1 665 381 59 0 0 0 0 0 0 0
other 2 683 377 85 0 0 0 0 0 0 0
other 1 1 511 94 0 0 0 0 0 0 0
other 444 163 68 165 0 0 0 0 0 0 0
other 492 1 20 29 0 0 0 0 0 0 0
window 78 223 98 124 0 0 0 0 0 0 0
window 87 90 89 84 0 0 0 0 0 0 0
window 202 114 82 78 0 0 0 0 0 0 0
window 205 241 86 116 0 0 0 0 0 0 0
window 210 425 92 163 0 0 0 0 0 0 0
window 305 137 73 73 0 0 0 0 0 0 0
window 312 257 79 108 0 0 0 0 0 0 0
window 322 430 86 152 0 0 0 0 0 0 0
window 467 92 42 27 0 0 0 0 0 0 0
