% bbGt version=3
other 1 87 511 490 0 0 0 0 0 0 0
other 473 535 11 25 0 0 0 0 0 0 0
door 89 358 75 162 0 0 0 0 0 0 0
other 21 576 184 170 0 0 0 0 0 0 0
other 1 716 511 52 0 0 0 0 0 0 0
other 1 1 511 145 0 0 0 0 0 0 0
other 1 463 95 261 0 0 0 0 0 0 0
other 149 478 363 172 0 0 0 0 0 0 0
other 261 430 137 64 0 0 0 0 0 0 0
other 469 469 33 14 0 0 0 0 0 0 0
other 495 491 17 52 0 0 0 0 0 0 0
window 120 178 36 56 0 0 0 0 0 0 0
window 275 179 117 97 0 0 0 0 0 0 0
window 275 363 121 78 0 0 0 0 0 0 0
window 276 450 71 15 0 0 0 0 0 0 0
window 362 448 35 17 0 0 0 0 0 0 0
