% bbGt version=3
other 1 1 767 466 0 0 0 0 0 0 0
door 115 327 48 118 0 0 0 0 0 0 0
door 533 416 71 50 0 0 0 0 0 0 0
other 1 442 335 70 0 0 0 0 0 0 0
other 1 1 387 51 0 0 0 0 0 0 0
other 406 1 362 32 0 0 0 0 0 0 0
other 82 385 686 127 0 0 0 0 0 0 0
other 187 339 48 39 0 0 0 0 0 0 0
other 283 303 61 31 0 0 0 0 0 0 0
other 297 267 44 29 0 0 0 0 0 0 0
other 423 290 39 61 0 0 0 0 0 0 0
other 527 300 76 86 0 0 0 0 0 0 0
other 550 268 54 28 0 0 0 0 0 0 0
other 664 138 104 179 0 0 0 0 0 0 0
other 723 362 45 21 0 0 0 0 0 0 0
window 1 103 18 72 0 0 0 0 0 0 0
window 1 257 9 77 0 0 0 0 0 0 0
window 105 140 76 110 0 0 0 0 0 0 0
window 267 419 72 32 0 0 0 0 0 0 0
window 282 251 70 83 0 0 0 0 0 0 0
window 283 89 69 77 0 0 0 0 0 0 0
window 407 418 74 49 0 0 0 0 0 0 0
window 419 97 39 57 0 0 0 0 0 0 0
window 422 261 40 56 0 0 0 0 0 0 0
window 523 84 72 78 0 0 0 0 0 0 0
window 530 247 74 83 0 0 0 0 0 0 0
window 739 86 29 60 0 0 0 0 0 0 0
