% bbGt version=3
other 41 489 17 14 0 0 0 0 0 0 0
other 51 13 586 264 0 0 0 0 0 0 0
other 69 300 525 198 0 0 0 0 0 0 0
other 489 395 212 98 0 0 0 0 0 0 0
door 308 333 60 123 0 0 0 0 0 0 0
other 1 467 767 45 0 0 0 0 0 0 0
other 610 502 158 10 0 0 0 0 0 0 0
other 1 1 516 202 0 0 0 0 0 0 0
other 568 1 200 106 0 0 0 0 0 0 0
other 1 54 767 449 0 0 0 0 0 0 0
other 78 81 35 37 0 0 0 0 0 0 0
other 485 1 124 133 0 0 0 0 0 0 0
window 144 325 77 91 0 0 0 0 0 0 0
window 157 175 71 82 0 0 0 0 0 0 0
window 303 172 71 80 0 0 0 0 0 0 0
window 346 86 22 14 0 0 0 0 0 0 0
window 458 171 74 82 0 0 0 0 0 0 0
window 463 324 77 93 0 0 0 0 0 0 0
