% bbGt version=3
other 1 124 511 451 0 0 0 0 0 0 0
other 421 423 70 101 0 0 0 0 0 0 0
door 1 374 14 135 0 0 0 0 0 0 0
door 353 377 67 151 0 0 0 0 0 0 0
other 344 581 168 129 0 0 0 0 0 0 0
other 1 684 511 84 0 0 0 0 0 0 0
other 1 1 511 144 0 0 0 0 0 0 0
other 1 425 318 209 0 0 0 0 0 0 0
other 123 435 122 51 0 0 0 0 0 0 0
other 324 572 26 42 0 0 0 0 0 0 0
other 403 395 109 289 0 0 0 0 0 0 0
window 1 213 14 57 0 0 0 0 0 0 0
window 121 456 23 18 0 0 0 0 0 0 0
window 128 374 123 104 0 0 0 0 0 0 0
window 130 191 126 96 0 0 0 0 0 0 0
window 160 461 18 14 0 0 0 0 0 0 0
window 366 203 43 61 0 0 0 0 0 0 0
