% bbGt version=3
other 1 96 511 532 0 0 0 0 0 0 0
other 256 572 235 88 0 0 0 0 0 0 0
door 396 527 60 80 0 0 0 0 0 0 0
other 1 733 511 35 0 0 0 0 0 0 0
other 2 616 292 33 0 0 0 0 0 0 0
other 328 648 109 2 0 0 0 0 0 0 0
other 483 625 29 23 0 0 0 0 0 0 0
other 1 640 511 103 0 0 0 0 0 0 0
other 1 1 511 206 0 0 0 0 0 0 0
other 1 139 17 47 0 0 0 0 0 0 0
window 68 487 66 103 0 0 0 0 0 0 0
window 77 362 63 91 0 0 0 0 0 0 0
window 89 252 59 63 0 0 0 0 0 0 0
window 161 177 58 30 0 0 0 0 0 0 0
window 175 490 65 103 0 0 0 0 0 0 0
window 179 363 64 92 0 0 0 0 0 0 0
window 186 251 60 66 0 0 0 0 0 0 0
window 255 151 20 20 0 0 0 0 0 0 0
window 285 492 65 80 0 0 0 0 0 0 0
window 286 364 63 92 0 0 0 0 0 0 0
window 287 251 59 67 0 0 0 0 0 0 0
window 309 182 69 20 0 0 0 0 0 0 0
window 387 252 60 66 0 0 0 0 0 0 0
window 392 365 63 92 0 0 0 0 0 0 0
