% bbGt version=3
other 1 341 14 104 0 0 0 0 0 0 0
other 8 51 760 394 0 0 0 0 0 0 0
door 151 357 29 56 0 0 0 0 0 0 0
door 494 347 42 66 0 0 0 0 0 0 0
other 1 443 278 10 0 0 0 0 0 0 0
other 304 432 341 20 0 0 0 0 0 0 0
other 673 422 95 21 0 0 0 0 0 0 0
other 1 442 767 70 0 0 0 0 0 0 0
other 1 1 767 262 0 0 0 0 0 0 0
other 1 150 98 190 0 0 0 0 0 0 0
other 38 378 27 12 0 0 0 0 0 0 0
other 91 379 29 10 0 0 0 0 0 0 0
other 209 346 170 96 0 0 0 0 0 0 0
other 417 375 39 15 0 0 0 0 0 0 0
other 575 277 127 141 0 0 0 0 0 0 0
other 738 250 30 38 0 0 0 0 0 0 0
window 42 346 25 34 0 0 0 0 0 0 0
window 49 264 23 39 0 0 0 0 0 0 0
window 94 345 27 35 0 0 0 0 0 0 0
window 100 260 26 41 0 0 0 0 0 0 0
window 155 256 26 43 0 0 0 0 0 0 0
window 155 335 19 14 0 0 0 0 0 0 0
window 161 172 26 40 0 0 0 0 0 0 0
window 211 343 29 37 0 0 0 0 0 0 0
window 214 252 28 44 0 0 0 0 0 0 0
window 277 342 29 12 0 0 0 0 0 0 0
window 278 247 29 46 0 0 0 0 0 0 0
window 345 243 31 47 0 0 0 0 0 0 0
window 346 340 31 38 0 0 0 0 0 0 0
window 418 238 33 48 0 0 0 0 0 0 0
window 419 338 34 41 0 0 0 0 0 0 0
window 487 139 35 46 0 0 0 0 0 0 0
window 492 234 36 49 0 0 0 0 0 0 0
window 495 93 12 20 0 0 0 0 0 0 0
window 500 323 25 16 0 0 0 0 0 0 0
window 570 229 38 50 0 0 0 0 0 0 0
window 579 353 36 22 0 0 0 0 0 0 0
window 649 224 41 51 0 0 0 0 0 0 0
window 681 329 19 42 0 0 0 0 0 0 0
