% bbGt version=3
other 1 114 511 442 0 0 0 0 0 0 0
door 368 377 57 145 0 0 0 0 0 0 0
door 493 379 19 114 0 0 0 0 0 0 0
other 356 552 156 71 0 0 0 0 0 0 0
other 1 678 511 90 0 0 0 0 0 0 0
other 1 1 511 149 0 0 0 0 0 0 0
other 1 392 441 265 0 0 0 0 0 0 0
other 259 522 33 27 0 0 0 0 0 0 0
other 293 537 58 27 0 0 0 0 0 0 0
other 462 473 50 104 0 0 0 0 0 0 0
window 132 371 138 106 0 0 0 0 0 0 0
window 136 185 135 100 0 0 0 0 0 0 0
window 376 210 39 60 0 0 0 0 0 0 0
window 498 218 14 57 0 0 0 0 0 0 0
