% bbGt version=3
other 1 46 767 386 0 0 0 0 0 0 0
door 194 333 30 51 0 0 0 0 0 0 0
door 550 359 31 19 0 0 0 0 0 0 0
other 1 379 767 61 0 0 0 0 0 0 0
other 1 403 767 109 0 0 0 0 0 0 0
other 1 1 767 217 0 0 0 0 0 0 0
other 56 350 37 14 0 0 0 0 0 0 0
other 122 337 89 80 0 0 0 0 0 0 0
other 256 351 40 11 0 0 0 0 0 0 0
other 327 326 120 81 0 0 0 0 0 0 0
other 478 346 36 14 0 0 0 0 0 0 0
other 542 319 108 75 0 0 0 0 0 0 0
other 678 339 36 13 0 0 0 0 0 0 0
other 731 215 37 55 0 0 0 0 0 0 0
window 1 292 14 35 0 0 0 0 0 0 0
window 1 357 10 34 0 0 0 0 0 0 0
window 11 232 11 34 0 0 0 0 0 0 0
window 57 313 40 51 0 0 0 0 0 0 0
window 63 217 41 55 0 0 0 0 0 0 0
window 121 312 41 52 0 0 0 0 0 0 0
window 126 216 40 56 0 0 0 0 0 0 0
window 190 214 41 56 0 0 0 0 0 0 0
window 256 311 41 53 0 0 0 0 0 0 0
window 258 212 40 57 0 0 0 0 0 0 0
window 324 212 40 57 0 0 0 0 0 0 0
window 324 310 40 53 0 0 0 0 0 0 0
window 403 211 42 58 0 0 0 0 0 0 0
window 406 308 42 53 0 0 0 0 0 0 0
window 470 210 42 58 0 0 0 0 0 0 0
window 474 307 43 53 0 0 0 0 0 0 0
window 537 210 42 57 0 0 0 0 0 0 0
window 601 209 42 57 0 0 0 0 0 0 0
window 609 304 43 53 0 0 0 0 0 0 0
window 665 209 43 56 0 0 0 0 0 0 0
window 674 303 43 52 0 0 0 0 0 0 0
