% bbGt version=3
other 1 80 511 576 0 0 0 0 0 0 0
door 49 482 57 120 0 0 0 0 0 0 0
door 500 415 11 136 0 0 0 0 0 0 0
other 1 607 511 61 0 0 0 0 0 0 0
other 1 618 511 150 0 0 0 0 0 0 0
other 1 1 511 138 0 0 0 0 0 0 0
other 112 1 127 82 0 0 0 0 0 0 0
other 343 1 11 29 0 0 0 0 0 0 0
other 359 1 22 17 0 0 0 0 0 0 0
window 94 272 99 104 0 0 0 0 0 0 0
window 103 133 90 88 0 0 0 0 0 0 0
window 224 276 93 104 0 0 0 0 0 0 0
window 238 438 79 117 0 0 0 0 0 0 0
window 316 154 82 87 0 0 0 0 0 0 0
window 340 285 91 99 0 0 0 0 0 0 0
window 362 438 74 111 0 0 0 0 0 0 0
window 471 164 41 55 0 0 0 0 0 0 0
window 484 263 28 85 0 0 0 0 0 0 0
