% bbGt version=3
other 1 180 511 390 0 0 0 0 0 0 0
door 102 410 58 130 0 0 0 0 0 0 0
door 471 417 36 109 0 0 0 0 0 0 0
other 1 572 511 165 0 0 0 0 0 0 0
other 1 725 511 43 0 0 0 0 0 0 0
other 1 1 511 217 0 0 0 0 0 0 0
other 1 63 11 31 0 0 0 0 0 0 0
other 1 171 19 30 0 0 0 0 0 0 0
other 1 242 12 41 0 0 0 0 0 0 0
other 1 263 95 117 0 0 0 0 0 0 0
other 1 402 27 38 0 0 0 0 0 0 0
other 1 500 35 61 0 0 0 0 0 0 0
other 138 495 374 174 0 0 0 0 0 0 0
window 161 241 81 91 0 0 0 0 0 0 0
window 262 410 117 94 0 0 0 0 0 0 0
window 313 249 77 88 0 0 0 0 0 0 0
