% bbGt version=3
other 1 16 767 425 0 0 0 0 0 0 0
door 327 336 48 96 0 0 0 0 0 0 0
other 1 411 767 53 0 0 0 0 0 0 0
other 1 439 767 73 0 0 0 0 0 0 0
other 1 1 714 77 0 0 0 0 0 0 0
other 669 1 99 295 0 0 0 0 0 0 0
window 30 328 57 78 0 0 0 0 0 0 0
window 43 194 54 72 0 0 0 0 0 0 0
window 123 329 57 79 0 0 0 0 0 0 0
window 133 193 54 72 0 0 0 0 0 0 0
window 171 116 24 29 0 0 0 0 0 0 0
window 220 331 57 80 0 0 0 0 0 0 0
window 226 191 56 74 0 0 0 0 0 0 0
window 325 190 55 74 0 0 0 0 0 0 0
window 387 111 22 29 0 0 0 0 0 0 0
window 425 189 57 76 0 0 0 0 0 0 0
window 425 332 58 81 0 0 0 0 0 0 0
window 524 189 58 76 0 0 0 0 0 0 0
window 528 332 59 80 0 0 0 0 0 0 0
window 577 110 23 32 0 0 0 0 0 0 0
window 617 52 25 18 0 0 0 0 0 0 0
window 622 190 59 76 0 0 0 0 0 0 0
window 630 332 60 80 0 0 0 0 0 0 0
window 662 58 24 16 0 0 0 0 0 0 0
