% bbGt version=3
other 99 9 455 494 0 0 0 0 0 0 0
door 403 323 32 105 0 0 0 0 0 0 0
other 254 413 514 99 0 0 0 0 0 0 0
other 125 26 54 34 0 0 0 0 0 0 0
other 183 1 502 247 0 0 0 0 0 0 0
other 1 1 259 511 0 0 0 0 0 0 0
other 273 1 113 46 0 0 0 0 0 0 0
other 533 1 235 442 0 0 0 0 0 0 0
window 130 138 31 72 0 0 0 0 0 0 0
window 292 151 47 94 0 0 0 0 0 0 0
window 295 310 44 84 0 0 0 0 0 0 0
window 332 57 23 41 0 0 0 0 0 0 0
window 398 189 35 80 0 0 0 0 0 0 0
window 399 93 19 36 0 0 0 0 0 0 0
window 451 121 17 32 0 0 0 0 0 0 0
window 476 218 27 62 0 0 0 0 0 0 0
window 485 335 25 59 0 0 0 0 0 0 0
