% bbGt version=3
other 1 137 511 452 0 0 0 0 0 0 0
door 104 371 53 129 0 0 0 0 0 0 0
door 486 378 20 84 0 0 0 0 0 0 0
other 1 594 40 114 0 0 0 0 0 0 0
other 166 533 166 153 0 0 0 0 0 0 0
other 1 644 511 124 0 0 0 0 0 0 0
other 1 1 511 203 0 0 0 0 0 0 0
other 29 483 167 215 0 0 0 0 0 0 0
other 213 443 299 216 0 0 0 0 0 0 0
window 1 187 11 98 0 0 0 0 0 0 0
window 163 202 78 94 0 0 0 0 0 0 0
window 260 371 102 89 0 0 0 0 0 0 0
window 306 217 67 87 0 0 0 0 0 0 0
window 442 375 25 40 0 0 0 0 0 0 0
window 475 236 37 77 0 0 0 0 0 0 0
