% bbGt version=3
other 1 116 479 487 0 0 0 0 0 0 0
other 1 560 257 75 0 0 0 0 0 0 0
door 210 491 54 84 0 0 0 0 0 0 0
other 1 701 511 67 0 0 0 0 0 0 0
other 11 607 48 12 0 0 0 0 0 0 0
other 213 599 299 31 0 0 0 0 0 0 0
other 1 618 511 115 0 0 0 0 0 0 0
other 1 1 511 278 0 0 0 0 0 0 0
other 1 142 36 25 0 0 0 0 0 0 0
other 1 87 58 79 0 0 0 0 0 0 0
other 437 85 75 452 0 0 0 0 0 0 0
window 1 308 9 78 0 0 0 0 0 0 0
window 77 463 63 85 0 0 0 0 0 0 0
window 80 322 73 108 0 0 0 0 0 0 0
window 90 138 26 37 0 0 0 0 0 0 0
window 95 228 53 71 0 0 0 0 0 0 0
window 197 316 77 112 0 0 0 0 0 0 0
window 211 218 54 74 0 0 0 0 0 0 0
window 323 310 82 116 0 0 0 0 0 0 0
window 332 210 59 75 0 0 0 0 0 0 0
window 333 461 71 92 0 0 0 0 0 0 0
