% bbGt version=3
other 1 1 766 499 0 0 0 0 0 0 0
other 97 449 55 19 0 0 0 0 0 0 0
other 602 398 36 31 0 0 0 0 0 0 0
other 21 460 191 51 0 0 0 0 0 0 0
other 318 461 194 50 0 0 0 0 0 0 0
other 694 487 74 24 0 0 0 0 0 0 0
other 1 479 44 29 0 0 0 0 0 0 0
other 210 495 115 16 0 0 0 0 0 0 0
other 513 499 183 12 0 0 0 0 0 0 0
other 2 2 407 278 0 0 0 0 0 0 0
other 10 404 195 67 0 0 0 0 0 0 0
other 229 414 216 65 0 0 0 0 0 0 0
other 556 294 140 216 0 0 0 0 0 0 0
other 686 103 82 382 0 0 0 0 0 0 0
window 144 344 29 52 0 0 0 0 0 0 0
window 151 250 28 47 0 0 0 0 0 0 0
window 157 157 28 44 0 0 0 0 0 0 0
window 183 345 29 52 0 0 0 0 0 0 0
window 189 249 28 48 0 0 0 0 0 0 0
window 194 155 29 46 0 0 0 0 0 0 0
window 261 345 29 54 0 0 0 0 0 0 0
window 265 250 28 48 0 0 0 0 0 0 0
window 269 153 28 46 0 0 0 0 0 0 0
window 273 70 27 39 0 0 0 0 0 0 0
window 302 346 29 54 0 0 0 0 0 0 0
window 305 249 28 48 0 0 0 0 0 0 0
window 308 152 28 46 0 0 0 0 0 0 0
window 312 68 27 39 0 0 0 0 0 0 0
window 343 347 30 55 0 0 0 0 0 0 0
window 345 249 30 48 0 0 0 0 0 0 0
window 348 151 28 46 0 0 0 0 0 0 0
window 351 67 27 39 0 0 0 0 0 0 0
window 461 62 29 41 0 0 0 0 0 0 0
window 500 61 30 40 0 0 0 0 0 0 0
window 603 58 31 40 0 0 0 0 0 0 0
window 613 246 32 52 0 0 0 0 0 0 0
window 617 347 33 57 0 0 0 0 0 0 0
window 647 57 32 41 0 0 0 0 0 0 0
window 660 246 33 51 0 0 0 0 0 0 0
window 665 348 33 55 0 0 0 0 0 0 0
window 670 447 34 27 0 0 0 0 0 0 0
window 692 56 32 41 0 0 0 0 0 0 0
window 709 273 32 23 0 0 0 0 0 0 0
window 737 55 31 41 0 0 0 0 0 0 0
