% bbGt version=3
other 68 1 700 501 0 0 0 0 0 0 0
other 1 455 27 15 0 0 0 0 0 0 0
other 241 466 204 45 0 0 0 0 0 0 0
other 453 467 315 44 0 0 0 0 0 0 0
door 141 432 5 61 0 0 0 0 0 0 0
door 633 429 24 51 0 0 0 0 0 0 0
other 7 488 242 23 0 0 0 0 0 0 0
other 1 473 115 31 0 0 0 0 0 0 0
other 1 1 114 332 0 0 0 0 0 0 0
other 1 269 52 175 0 0 0 0 0 0 0
other 45 290 59 168 0 0 0 0 0 0 0
other 382 1 386 387 0 0 0 0 0 0 0
window 98 291 23 59 0 0 0 0 0 0 0
window 107 194 23 51 0 0 0 0 0 0 0
window 117 108 21 44 0 0 0 0 0 0 0
window 126 29 21 40 0 0 0 0 0 0 0
window 176 406 108 80 0 0 0 0 0 0 0
window 210 290 52 60 0 0 0 0 0 0 0
window 215 193 50 52 0 0 0 0 0 0 0
window 220 106 49 44 0 0 0 0 0 0 0
window 226 27 46 39 0 0 0 0 0 0 0
window 322 407 33 77 0 0 0 0 0 0 0
window 348 29 24 39 0 0 0 0 0 0 0
window 349 107 25 45 0 0 0 0 0 0 0
window 349 193 27 52 0 0 0 0 0 0 0
window 349 290 27 60 0 0 0 0 0 0 0
window 393 30 24 39 0 0 0 0 0 0 0
window 394 406 28 67 0 0 0 0 0 0 0
window 395 108 26 44 0 0 0 0 0 0 0
window 397 193 28 52 0 0 0 0 0 0 0
window 400 290 27 60 0 0 0 0 0 0 0
window 449 405 29 77 0 0 0 0 0 0 0
window 454 112 27 42 0 0 0 0 0 0 0
window 458 194 29 50 0 0 0 0 0 0 0
window 464 290 28 59 0 0 0 0 0 0 0
window 499 135 26 19 0 0 0 0 0 0 0
window 504 195 29 50 0 0 0 0 0 0 0
window 510 290 30 58 0 0 0 0 0 0 0
window 575 119 27 20 0 0 0 0 0 0 0
window 584 214 29 19 0 0 0 0 0 0 0
window 584 401 40 72 0 0 0 0 0 0 0
window 591 281 34 61 0 0 0 0 0 0 0
window 611 124 27 16 0 0 0 0 0 0 0
window 630 282 33 59 0 0 0 0 0 0 0
window 694 400 35 60 0 0 0 0 0 0 0
window 733 399 34 59 0 0 0 0 0 0 0
