% bbGt version=3
other 1 118 510 588 0 0 0 0 0 0 0
other 1 692 510 45 0 0 0 0 0 0 0
other 1 724 510 44 0 0 0 0 0 0 0
other 1 1 510 125 0 0 0 0 0 0 0
other 1 271 103 327 0 0 0 0 0 0 0
other 420 308 91 175 0 0 0 0 0 0 0
other 480 487 28 35 0 0 0 0 0 0 0
window 1 566 63 50 0 0 0 0 0 0 0
window 25 466 53 48 0 0 0 0 0 0 0
window 31 295 69 41 0 0 0 0 0 0 0
window 33 561 34 8 0 0 0 0 0 0 0
window 44 220 66 38 0 0 0 0 0 0 0
window 56 155 62 34 0 0 0 0 0 0 0
window 125 565 78 56 0 0 0 0 0 0 0
window 133 467 76 51 0 0 0 0 0 0 0
window 141 376 72 46 0 0 0 0 0 0 0
window 150 294 68 42 0 0 0 0 0 0 0
window 157 219 65 38 0 0 0 0 0 0 0
window 164 151 62 35 0 0 0 0 0 0 0
window 287 567 79 58 0 0 0 0 0 0 0
window 288 468 75 51 0 0 0 0 0 0 0
window 290 293 67 41 0 0 0 0 0 0 0
window 290 377 70 47 0 0 0 0 0 0 0
window 291 150 62 34 0 0 0 0 0 0 0
window 291 218 64 37 0 0 0 0 0 0 0
window 406 149 64 34 0 0 0 0 0 0 0
window 411 218 67 38 0 0 0 0 0 0 0
window 415 294 67 41 0 0 0 0 0 0 0
window 421 405 18 20 0 0 0 0 0 0 0
window 425 470 75 51 0 0 0 0 0 0 0
window 431 570 79 57 0 0 0 0 0 0 0
