% bbGt version=3
other 1 76 510 513 0 0 0 0 0 0 0
other 1 467 164 138 0 0 0 0 0 0 0
other 26 455 27 21 0 0 0 0 0 0 0
other 69 446 26 36 0 0 0 0 0 0 0
other 188 527 13 48 0 0 0 0 0 0 0
other 207 509 52 94 0 0 0 0 0 0 0
other 287 458 26 21 0 0 0 0 0 0 0
other 1 577 121 191 0 0 0 0 0 0 0
other 146 575 89 71 0 0 0 0 0 0 0
other 173 569 338 199 0 0 0 0 0 0 0
door 328 522 67 70 0 0 0 0 0 0 0
other 121 604 29 27 0 0 0 0 0 0 0
other 229 603 19 26 0 0 0 0 0 0 0
other 335 600 17 27 0 0 0 0 0 0 0
other 70 630 184 138 0 0 0 0 0 0 0
other 400 619 111 79 0 0 0 0 0 0 0
other 1 1 510 127 0 0 0 0 0 0 0
other 1 380 327 195 0 0 0 0 0 0 0
other 323 347 188 221 0 0 0 0 0 0 0
window 40 522 27 56 0 0 0 0 0 0 0
window 41 423 29 48 0 0 0 0 0 0 0
window 46 321 28 50 0 0 0 0 0 0 0
window 51 237 27 42 0 0 0 0 0 0 0
window 56 158 27 40 0 0 0 0 0 0 0
window 71 110 26 22 0 0 0 0 0 0 0
window 93 521 25 55 0 0 0 0 0 0 0
window 94 111 23 22 0 0 0 0 0 0 0
window 103 322 27 69 0 0 0 0 0 0 0
window 106 237 27 60 0 0 0 0 0 0 0
window 107 417 22 13 0 0 0 0 0 0 0
window 110 160 25 55 0 0 0 0 0 0 0
window 128 112 34 15 0 0 0 0 0 0 0
window 160 521 27 57 0 0 0 0 0 0 0
window 161 322 26 49 0 0 0 0 0 0 0
window 162 238 25 42 0 0 0 0 0 0 0
window 164 161 24 39 0 0 0 0 0 0 0
window 223 164 45 38 0 0 0 0 0 0 0
window 224 240 46 41 0 0 0 0 0 0 0
window 226 323 48 48 0 0 0 0 0 0 0
window 231 517 52 55 0 0 0 0 0 0 0
window 235 111 19 15 0 0 0 0 0 0 0
window 245 416 31 15 0 0 0 0 0 0 0
window 300 166 24 39 0 0 0 0 0 0 0
window 303 242 25 41 0 0 0 0 0 0 0
window 307 323 27 49 0 0 0 0 0 0 0
window 312 416 27 52 0 0 0 0 0 0 0
window 320 124 27 12 0 0 0 0 0 0 0
window 347 125 29 12 0 0 0 0 0 0 0
window 347 168 26 53 0 0 0 0 0 0 0
window 352 243 27 58 0 0 0 0 0 0 0
window 357 324 28 50 0 0 0 0 0 0 0
window 360 364 24 27 0 0 0 0 0 0 0
window 364 421 27 46 0 0 0 0 0 0 0
window 386 124 35 15 0 0 0 0 0 0 0
window 394 171 24 37 0 0 0 0 0 0 0
window 400 244 28 58 0 0 0 0 0 0 0
window 407 324 26 58 0 0 0 0 0 0 0
window 422 127 24 14 0 0 0 0 0 0 0
window 439 172 25 38 0 0 0 0 0 0 0
window 447 246 26 41 0 0 0 0 0 0 0
window 455 326 28 47 0 0 0 0 0 0 0
window 495 183 16 37 0 0 0 0 0 0 0
window 503 255 8 42 0 0 0 0 0 0 0
