% bbGt version=3
other 1 1 510 701 0 0 0 0 0 0 0
other 1 647 510 121 0 0 0 0 0 0 0
other 1 719 304 49 0 0 0 0 0 0 0
other 2 1 403 133 0 0 0 0 0 0 0
window 1 603 21 36 0 0 0 0 0 0 0
window 2 488 35 65 0 0 0 0 0 0 0
window 17 372 35 58 0 0 0 0 0 0 0
window 33 263 33 54 0 0 0 0 0 0 0
window 49 172 30 47 0 0 0 0 0 0 0
window 59 607 36 39 0 0 0 0 0 0 0
window 70 485 38 69 0 0 0 0 0 0 0
window 83 364 36 61 0 0 0 0 0 0 0
window 98 248 34 58 0 0 0 0 0 0 0
window 110 154 32 49 0 0 0 0 0 0 0
window 139 612 40 41 0 0 0 0 0 0 0
window 147 482 41 74 0 0 0 0 0 0 0
window 157 353 39 66 0 0 0 0 0 0 0
window 168 233 36 60 0 0 0 0 0 0 0
window 178 135 33 50 0 0 0 0 0 0 0
window 232 617 45 44 0 0 0 0 0 0 0
window 235 477 44 80 0 0 0 0 0 0 0
window 242 343 39 69 0 0 0 0 0 0 0
window 247 216 37 63 0 0 0 0 0 0 0
window 252 114 35 53 0 0 0 0 0 0 0
window 334 92 39 55 0 0 0 0 0 0 0
window 335 198 41 66 0 0 0 0 0 0 0
window 336 331 43 73 0 0 0 0 0 0 0
window 336 473 46 84 0 0 0 0 0 0 0
window 337 622 50 46 0 0 0 0 0 0 0
window 424 68 43 58 0 0 0 0 0 0 0
window 431 178 47 70 0 0 0 0 0 0 0
window 439 317 52 78 0 0 0 0 0 0 0
window 447 468 56 90 0 0 0 0 0 0 0
window 455 626 55 50 0 0 0 0 0 0 0
