% bbGt version=3
other 1 1 767 470 0 0 0 0 0 0 0
other 1 437 155 74 0 0 0 0 0 0 0
other 196 444 262 66 0 0 0 0 0 0 0
other 125 472 81 34 0 0 0 0 0 0 0
other 420 468 348 43 0 0 0 0 0 0 0
other 122 507 93 4 0 0 0 0 0 0 0
other 2 1 607 67 0 0 0 0 0 0 0
other 315 132 176 331 0 0 0 0 0 0 0
window 17 320 48 67 0 0 0 0 0 0 0
window 31 213 47 61 0 0 0 0 0 0 0
window 45 114 45 57 0 0 0 0 0 0 0
window 70 55 19 23 0 0 0 0 0 0 0
window 70 321 48 67 0 0 0 0 0 0 0
window 82 213 46 62 0 0 0 0 0 0 0
window 95 115 44 56 0 0 0 0 0 0 0
window 118 55 18 23 0 0 0 0 0 0 0
window 124 322 46 68 0 0 0 0 0 0 0
window 130 442 25 22 0 0 0 0 0 0 0
window 134 214 45 62 0 0 0 0 0 0 0
window 144 115 44 57 0 0 0 0 0 0 0
window 166 55 18 23 0 0 0 0 0 0 0
window 178 323 46 67 0 0 0 0 0 0 0
window 186 214 45 63 0 0 0 0 0 0 0
window 195 115 42 57 0 0 0 0 0 0 0
window 214 56 18 22 0 0 0 0 0 0 0
window 233 324 45 67 0 0 0 0 0 0 0
window 239 215 44 63 0 0 0 0 0 0 0
window 245 116 42 57 0 0 0 0 0 0 0
window 262 56 18 23 0 0 0 0 0 0 0
window 288 324 43 68 0 0 0 0 0 0 0
window 292 215 42 63 0 0 0 0 0 0 0
window 296 116 41 57 0 0 0 0 0 0 0
window 312 56 16 23 0 0 0 0 0 0 0
window 343 325 42 67 0 0 0 0 0 0 0
window 346 216 24 40 0 0 0 0 0 0 0
window 347 117 40 57 0 0 0 0 0 0 0
window 360 57 16 23 0 0 0 0 0 0 0
window 399 118 37 56 0 0 0 0 0 0 0
window 407 326 32 66 0 0 0 0 0 0 0
window 410 58 16 22 0 0 0 0 0 0 0
window 448 119 39 56 0 0 0 0 0 0 0
window 451 218 39 48 0 0 0 0 0 0 0
window 453 327 41 66 0 0 0 0 0 0 0
window 457 59 16 23 0 0 0 0 0 0 0
window 461 446 28 20 0 0 0 0 0 0 0
window 498 120 39 56 0 0 0 0 0 0 0
window 502 219 41 61 0 0 0 0 0 0 0
window 505 60 16 23 0 0 0 0 0 0 0
window 505 327 42 67 0 0 0 0 0 0 0
window 552 62 17 22 0 0 0 0 0 0 0
window 553 220 41 61 0 0 0 0 0 0 0
window 559 327 43 67 0 0 0 0 0 0 0
window 598 64 17 22 0 0 0 0 0 0 0
window 602 220 43 62 0 0 0 0 0 0 0
window 610 327 43 65 0 0 0 0 0 0 0
window 645 66 16 21 0 0 0 0 0 0 0
window 652 221 43 61 0 0 0 0 0 0 0
window 662 328 43 64 0 0 0 0 0 0 0
window 689 125 42 56 0 0 0 0 0 0 0
window 691 67 18 22 0 0 0 0 0 0 0
window 700 223 44 59 0 0 0 0 0 0 0
window 711 328 46 64 0 0 0 0 0 0 0
window 735 127 33 55 0 0 0 0 0 0 0
window 736 69 18 22 0 0 0 0 0 0 0
window 748 224 20 59 0 0 0 0 0 0 0
