% bbGt version=3
other 33 41 734 333 0 0 0 0 0 0 0
other 147 340 218 93 0 0 0 0 0 0 0
other 450 345 274 95 0 0 0 0 0 0 0
door 377 312 38 62 0 0 0 0 0 0 0
other 1 387 161 32 0 0 0 0 0 0 0
other 332 377 147 51 0 0 0 0 0 0 0
other 681 400 87 36 0 0 0 0 0 0 0
other 1 416 767 95 0 0 0 0 0 0 0
other 1 1 767 240 0 0 0 0 0 0 0
other 1 215 38 120 0 0 0 0 0 0 0
other 2 309 165 81 0 0 0 0 0 0 0
other 439 355 77 25 0 0 0 0 0 0 0
other 655 319 113 82 0 0 0 0 0 0 0
window 110 289 39 61 0 0 0 0 0 0 0
window 112 196 40 59 0 0 0 0 0 0 0
window 221 289 41 61 0 0 0 0 0 0 0
window 223 194 40 60 0 0 0 0 0 0 0
window 308 289 41 54 0 0 0 0 0 0 0
window 309 194 41 59 0 0 0 0 0 0 0
window 375 193 42 60 0 0 0 0 0 0 0
window 442 194 41 59 0 0 0 0 0 0 0
window 443 288 43 62 0 0 0 0 0 0 0
window 528 193 43 60 0 0 0 0 0 0 0
window 531 287 40 62 0 0 0 0 0 0 0
window 636 193 45 59 0 0 0 0 0 0 0
window 640 287 40 58 0 0 0 0 0 0 0
window 747 240 12 28 0 0 0 0 0 0 0
window 751 309 14 30 0 0 0 0 0 0 0
