% bbGt version=3
other 1 465 29 238 0 0 0 0 0 0 0
other 25 54 420 680 0 0 0 0 0 0 0
other 302 698 86 27 0 0 0 0 0 0 0
door 234 601 59 94 0 0 0 0 0 0 0
other 23 714 482 53 0 0 0 0 0 0 0
other 1 2 509 331 0 0 0 0 0 0 0
other 413 349 14 39 0 0 0 0 0 0 0
other 430 500 27 28 0 0 0 0 0 0 0
other 492 502 18 28 0 0 0 0 0 0 0
other 1 170 218 597 0 0 0 0 0 0 0
other 224 266 286 493 0 0 0 0 0 0 0
window 191 378 46 104 0 0 0 0 0 0 0
window 193 235 44 82 0 0 0 0 0 0 0
window 204 578 22 110 0 0 0 0 0 0 0
window 233 563 54 42 0 0 0 0 0 0 0
window 238 133 36 50 0 0 0 0 0 0 0
window 278 245 47 80 0 0 0 0 0 0 0
window 284 384 48 101 0 0 0 0 0 0 0
window 303 577 25 108 0 0 0 0 0 0 0
