% bbGt version=3
other 1 161 54 145 0 0 0 0 0 0 0
other 1 1 767 506 0 0 0 0 0 0 0
other 245 449 208 62 0 0 0 0 0 0 0
other 546 453 222 58 0 0 0 0 0 0 0
door 412 379 30 84 0 0 0 0 0 0 0
door 736 382 31 73 0 0 0 0 0 0 0
other 2 467 245 43 0 0 0 0 0 0 0
other 450 502 96 9 0 0 0 0 0 0 0
other 1 504 54 7 0 0 0 0 0 0 0
other 2 1 580 155 0 0 0 0 0 0 0
other 3 112 73 95 0 0 0 0 0 0 0
other 610 1 158 59 0 0 0 0 0 0 0
other 4 217 40 96 0 0 0 0 0 0 0
other 46 162 84 133 0 0 0 0 0 0 0
other 83 79 136 206 0 0 0 0 0 0 0
window 1 304 34 80 0 0 0 0 0 0 0
window 33 388 14 39 0 0 0 0 0 0 0
window 154 347 33 88 0 0 0 0 0 0 0
window 163 224 33 66 0 0 0 0 0 0 0
window 210 120 24 44 0 0 0 0 0 0 0
window 215 342 36 94 0 0 0 0 0 0 0
window 222 211 36 71 0 0 0 0 0 0 0
window 270 102 27 48 0 0 0 0 0 0 0
window 286 336 39 101 0 0 0 0 0 0 0
window 290 197 39 76 0 0 0 0 0 0 0
window 339 82 29 51 0 0 0 0 0 0 0
window 354 324 74 49 0 0 0 0 0 0 0
window 367 182 44 80 0 0 0 0 0 0 0
window 416 59 33 54 0 0 0 0 0 0 0
window 453 163 54 87 0 0 0 0 0 0 0
window 463 321 51 117 0 0 0 0 0 0 0
window 503 33 42 57 0 0 0 0 0 0 0
window 551 142 65 93 0 0 0 0 0 0 0
window 568 311 64 126 0 0 0 0 0 0 0
window 672 70 52 30 0 0 0 0 0 0 0
window 681 141 67 102 0 0 0 0 0 0 0
window 699 308 69 74 0 0 0 0 0 0 0
