% bbGt version=3
other 41 77 690 336 0 0 0 0 0 0 0
other 747 317 21 43 0 0 0 0 0 0 0
door 252 266 18 53 0 0 0 0 0 0 0
door 294 263 19 55 0 0 0 0 0 0 0
door 338 261 20 57 0 0 0 0 0 0 0
door 384 259 22 58 0 0 0 0 0 0 0
door 432 257 23 59 0 0 0 0 0 0 0
other 1 372 767 139 0 0 0 0 0 0 0
other 2 2 764 236 0 0 0 0 0 0 0
other 1 209 82 193 0 0 0 0 0 0 0
other 456 383 281 35 0 0 0 0 0 0 0
other 661 1 106 382 0 0 0 0 0 0 0
window 95 342 14 30 0 0 0 0 0 0 0
window 101 252 19 48 0 0 0 0 0 0 0
window 124 342 16 31 0 0 0 0 0 0 0
window 128 250 26 50 0 0 0 0 0 0 0
window 162 248 20 51 0 0 0 0 0 0 0
window 247 245 25 13 0 0 0 0 0 0 0
window 289 243 26 13 0 0 0 0 0 0 0
window 297 138 7 50 0 0 0 0 0 0 0
window 310 129 11 56 0 0 0 0 0 0 0
window 322 341 15 18 0 0 0 0 0 0 0
window 330 123 15 59 0 0 0 0 0 0 0
window 333 240 28 13 0 0 0 0 0 0 0
window 356 119 19 59 0 0 0 0 0 0 0
window 379 237 30 14 0 0 0 0 0 0 0
window 387 118 20 58 0 0 0 0 0 0 0
window 419 118 19 59 0 0 0 0 0 0 0
window 426 234 32 15 0 0 0 0 0 0 0
window 449 122 17 59 0 0 0 0 0 0 0
window 474 127 12 55 0 0 0 0 0 0 0
window 491 135 8 41 0 0 0 0 0 0 0
window 510 228 27 61 0 0 0 0 0 0 0
window 515 339 21 38 0 0 0 0 0 0 0
window 549 226 39 61 0 0 0 0 0 0 0
window 599 224 30 61 0 0 0 0 0 0 0
window 608 338 22 39 0 0 0 0 0 0 0
