% bbGt version=3
other 1 1 767 415 0 0 0 0 0 0 0
door 696 288 27 64 0 0 0 0 0 0 0
door 726 289 22 63 0 0 0 0 0 0 0
other 2 370 766 161 0 0 0 0 0 0 0
other 2 415 765 160 0 0 0 0 0 0 0
other 115 1 412 74 0 0 0 0 0 0 0
other 453 1 315 141 0 0 0 0 0 0 0
other 564 173 163 211 0 0 0 0 0 0 0
other 749 93 19 55 0 0 0 0 0 0 0
window 1 38 75 116 0 0 0 0 0 0 0
window 1 228 76 169 0 0 0 0 0 0 0
window 95 53 71 110 0 0 0 0 0 0 0
window 95 232 74 160 0 0 0 0 0 0 0
window 185 68 62 103 0 0 0 0 0 0 0
window 186 237 67 149 0 0 0 0 0 0 0
window 264 82 56 97 0 0 0 0 0 0 0
window 266 241 60 139 0 0 0 0 0 0 0
window 335 94 50 92 0 0 0 0 0 0 0
window 338 245 53 131 0 0 0 0 0 0 0
window 398 106 45 86 0 0 0 0 0 0 0
window 401 248 48 124 0 0 0 0 0 0 0
window 455 116 40 82 0 0 0 0 0 0 0
window 458 251 44 118 0 0 0 0 0 0 0
window 505 125 36 79 0 0 0 0 0 0 0
window 510 254 38 111 0 0 0 0 0 0 0
window 551 135 33 73 0 0 0 0 0 0 0
window 556 257 33 105 0 0 0 0 0 0 0
window 593 143 29 69 0 0 0 0 0 0 0
window 597 259 33 97 0 0 0 0 0 0 0
window 631 150 26 63 0 0 0 0 0 0 0
window 635 289 11 35 0 0 0 0 0 0 0
window 665 157 27 59 0 0 0 0 0 0 0
window 694 260 27 24 0 0 0 0 0 0 0
window 696 163 25 61 0 0 0 0 0 0 0
window 724 260 21 25 0 0 0 0 0 0 0
window 725 169 20 58 0 0 0 0 0 0 0
window 748 261 19 86 0 0 0 0 0 0 0
window 750 174 18 56 0 0 0 0 0 0 0
