% bbGt version=3
other 1 62 511 596 0 0 0 0 0 0 0
other 1 620 339 148 0 0 0 0 0 0 0
door 303 499 50 105 0 0 0 0 0 0 0
door 499 502 13 97 0 0 0 0 0 0 0
other 299 685 213 55 0 0 0 0 0 0 0
other 39 730 473 38 0 0 0 0 0 0 0
other 1 1 511 132 0 0 0 0 0 0 0
other 3 173 87 147 0 0 0 0 0 0 0
other 38 531 267 135 0 0 0 0 0 0 0
window 4 327 34 78 0 0 0 0 0 0 0
window 7 199 31 54 0 0 0 0 0 0 0
window 30 502 32 54 0 0 0 0 0 0 0
window 125 324 48 78 0 0 0 0 0 0 0
window 130 134 23 17 0 0 0 0 0 0 0
window 159 477 88 86 0 0 0 0 0 0 0
window 167 195 45 60 0 0 0 0 0 0 0
window 201 323 99 78 0 0 0 0 0 0 0
window 233 118 25 24 0 0 0 0 0 0 0
window 261 197 94 59 0 0 0 0 0 0 0
window 301 323 96 76 0 0 0 0 0 0 0
window 382 493 30 50 0 0 0 0 0 0 0
window 429 323 83 77 0 0 0 0 0 0 0
window 443 206 42 55 0 0 0 0 0 0 0
window 446 492 28 49 0 0 0 0 0 0 0
