% bbGt version=3
other 3 153 11 113 0 0 0 0 0 0 0
other 3 83 758 339 0 0 0 0 0 0 0
other 1 374 71 83 0 0 0 0 0 0 0
other 396 374 103 82 0 0 0 0 0 0 0
other 521 372 224 83 0 0 0 0 0 0 0
other 71 421 195 11 0 0 0 0 0 0 0
other 499 423 22 9 0 0 0 0 0 0 0
other 1 470 765 106 0 0 0 0 0 0 0
other 168 1 549 93 0 0 0 0 0 0 0
other 1 1 205 280 0 0 0 0 0 0 0
other 258 125 160 345 0 0 0 0 0 0 0
other 634 1 134 268 0 0 0 0 0 0 0
other 709 361 59 90 0 0 0 0 0 0 0
window 1 323 15 52 0 0 0 0 0 0 0
window 66 323 44 53 0 0 0 0 0 0 0
window 70 230 41 45 0 0 0 0 0 0 0
window 75 158 38 28 0 0 0 0 0 0 0
window 162 322 45 54 0 0 0 0 0 0 0
window 166 229 40 45 0 0 0 0 0 0 0
window 167 140 40 44 0 0 0 0 0 0 0
window 261 322 45 53 0 0 0 0 0 0 0
window 264 139 41 44 0 0 0 0 0 0 0
window 264 228 41 45 0 0 0 0 0 0 0
window 360 322 46 53 0 0 0 0 0 0 0
window 361 138 41 45 0 0 0 0 0 0 0
window 362 227 31 16 0 0 0 0 0 0 0
window 362 252 41 21 0 0 0 0 0 0 0
window 459 137 41 45 0 0 0 0 0 0 0
window 460 321 47 54 0 0 0 0 0 0 0
window 461 226 41 46 0 0 0 0 0 0 0
window 557 136 41 45 0 0 0 0 0 0 0
window 560 226 41 45 0 0 0 0 0 0 0
window 560 320 46 52 0 0 0 0 0 0 0
window 654 136 41 45 0 0 0 0 0 0 0
window 658 225 41 46 0 0 0 0 0 0 0
window 659 320 47 53 0 0 0 0 0 0 0
