% bbGt version=3
other 1 1 767 460 0 0 0 0 0 0 0
other 357 381 195 87 0 0 0 0 0 0 0
door 1 347 49 105 0 0 0 0 0 0 0
door 519 326 28 77 0 0 0 0 0 0 0
door 580 349 22 70 0 0 0 0 0 0 0
other 1 416 767 95 0 0 0 0 0 0 0
other 82 432 686 79 0 0 0 0 0 0 0
other 1 1 280 45 0 0 0 0 0 0 0
other 291 1 477 174 0 0 0 0 0 0 0
other 693 227 74 109 0 0 0 0 0 0 0
other 716 392 51 34 0 0 0 0 0 0 0
window 2 140 60 98 0 0 0 0 0 0 0
window 15 63 51 33 0 0 0 0 0 0 0
window 106 151 52 94 0 0 0 0 0 0 0
window 115 77 46 32 0 0 0 0 0 0 0
window 127 320 97 90 0 0 0 0 0 0 0
window 206 161 45 89 0 0 0 0 0 0 0
window 211 92 40 29 0 0 0 0 0 0 0
window 328 322 50 83 0 0 0 0 0 0 0
window 330 110 42 36 0 0 0 0 0 0 0
window 331 182 42 80 0 0 0 0 0 0 0
window 393 122 39 34 0 0 0 0 0 0 0
window 398 191 37 76 0 0 0 0 0 0 0
window 400 321 96 81 0 0 0 0 0 0 0
window 450 132 36 33 0 0 0 0 0 0 0
window 455 198 35 72 0 0 0 0 0 0 0
window 457 99 45 17 0 0 0 0 0 0 0
window 504 143 32 31 0 0 0 0 0 0 0
window 508 205 33 69 0 0 0 0 0 0 0
window 566 124 26 48 0 0 0 0 0 0 0
window 570 221 25 59 0 0 0 0 0 0 0
window 607 137 24 45 0 0 0 0 0 0 0
window 612 223 30 63 0 0 0 0 0 0 0
window 620 333 28 61 0 0 0 0 0 0 0
window 647 144 24 44 0 0 0 0 0 0 0
window 654 228 29 62 0 0 0 0 0 0 0
window 662 333 27 59 0 0 0 0 0 0 0
window 685 152 21 42 0 0 0 0 0 0 0
window 692 232 21 59 0 0 0 0 0 0 0
window 701 333 22 56 0 0 0 0 0 0 0
window 735 178 15 31 0 0 0 0 0 0 0
