% bbGt version=3
other 1 25 510 658 0 0 0 0 0 0 0
other 1 571 70 73 0 0 0 0 0 0 0
other 1 622 154 146 0 0 0 0 0 0 0
other 222 617 289 151 0 0 0 0 0 0 0
door 414 502 64 131 0 0 0 0 0 0 0
other 76 677 178 91 0 0 0 0 0 0 0
other 1 1 510 43 0 0 0 0 0 0 0
window 1 485 87 134 0 0 0 0 0 0 0
window 39 255 67 109 0 0 0 0 0 0 0
window 64 107 58 78 0 0 0 0 0 0 0
window 137 487 111 145 0 0 0 0 0 0 0
window 158 258 63 109 0 0 0 0 0 0 0
window 175 111 54 78 0 0 0 0 0 0 0
window 293 261 59 109 0 0 0 0 0 0 0
window 297 113 50 78 0 0 0 0 0 0 0
window 308 492 75 126 0 0 0 0 0 0 0
window 403 112 54 80 0 0 0 0 0 0 0
window 406 263 64 111 0 0 0 0 0 0 0
