% bbGt version=3
other 94 318 42 41 0 0 0 0 0 0 0
other 161 44 606 386 0 0 0 0 0 0 0
door 262 321 37 63 0 0 0 0 0 0 0
other 2 430 765 80 0 0 0 0 0 0 0
other 2 2 765 308 0 0 0 0 0 0 0
other 2 75 181 410 0 0 0 0 0 0 0
other 308 255 459 231 0 0 0 0 0 0 0
window 212 85 17 21 0 0 0 0 0 0 0
window 225 304 20 60 0 0 0 0 0 0 0
window 229 192 18 56 0 0 0 0 0 0 0
window 244 85 17 21 0 0 0 0 0 0 0
window 263 304 37 12 0 0 0 0 0 0 0
window 267 191 31 16 0 0 0 0 0 0 0
window 277 85 16 21 0 0 0 0 0 0 0
window 309 84 17 22 0 0 0 0 0 0 0
window 317 191 18 56 0 0 0 0 0 0 0
window 317 303 19 59 0 0 0 0 0 0 0
window 342 84 15 21 0 0 0 0 0 0 0
window 418 197 28 55 0 0 0 0 0 0 0
window 484 197 28 55 0 0 0 0 0 0 0
window 549 197 29 55 0 0 0 0 0 0 0
window 557 302 27 57 0 0 0 0 0 0 0
window 560 394 32 21 0 0 0 0 0 0 0
window 612 198 29 54 0 0 0 0 0 0 0
window 621 302 29 56 0 0 0 0 0 0 0
window 627 393 31 20 0 0 0 0 0 0 0
window 673 198 30 54 0 0 0 0 0 0 0
window 685 301 29 56 0 0 0 0 0 0 0
window 692 391 32 21 0 0 0 0 0 0 0
window 734 198 29 53 0 0 0 0 0 0 0
window 747 300 21 56 0 0 0 0 0 0 0
