% bbGt version=3
other 1 129 452 468 0 0 0 0 0 0 0
other 471 342 41 119 0 0 0 0 0 0 0
door 245 514 41 80 0 0 0 0 0 0 0
other 2 600 510 104 0 0 0 0 0 0 0
other 1 683 511 85 0 0 0 0 0 0 0
other 1 1 510 260 0 0 0 0 0 0 0
other 1 457 83 128 0 0 0 0 0 0 0
other 292 61 220 630 0 0 0 0 0 0 0
other 321 493 38 91 0 0 0 0 0 0 0
window 15 397 15 56 0 0 0 0 0 0 0
window 44 402 11 55 0 0 0 0 0 0 0
window 46 335 11 29 0 0 0 0 0 0 0
window 119 344 45 87 0 0 0 0 0 0 0
window 119 487 46 84 0 0 0 0 0 0 0
window 162 245 39 48 0 0 0 0 0 0 0
window 233 228 26 65 0 0 0 0 0 0 0
window 242 344 46 86 0 0 0 0 0 0 0
window 243 492 44 19 0 0 0 0 0 0 0
window 265 228 28 65 0 0 0 0 0 0 0
window 324 245 33 48 0 0 0 0 0 0 0
window 364 406 46 23 0 0 0 0 0 0 0
window 367 484 27 83 0 0 0 0 0 0 0
