% bbGt version=3
other 6 32 643 607 0 0 0 0 0 0 0
other 564 642 85 125 0 0 0 0 0 0 0
door 41 515 53 119 0 0 0 0 0 0 0
other 1 727 585 41 0 0 0 0 0 0 0
other 474 761 137 6 0 0 0 0 0 0 0
other 1 1 650 454 0 0 0 0 0 0 0
other 1 130 124 429 0 0 0 0 0 0 0
other 2 602 33 38 0 0 0 0 0 0 0
other 62 361 44 84 0 0 0 0 0 0 0
other 194 598 298 40 0 0 0 0 0 0 0
other 510 502 139 132 0 0 0 0 0 0 0
other 585 239 66 139 0 0 0 0 0 0 0
window 236 445 90 125 0 0 0 0 0 0 0
window 315 277 78 92 0 0 0 0 0 0 0
window 402 162 25 37 0 0 0 0 0 0 0
window 442 286 74 89 0 0 0 0 0 0 0
window 507 454 76 103 0 0 0 0 0 0 0
