% bbGt version=3
other 1 46 767 378 0 0 0 0 0 0 0
other 1 416 767 96 0 0 0 0 0 0 0
other 1 1 767 246 0 0 0 0 0 0 0
other 1 225 48 71 0 0 0 0 0 0 0
other 1 313 41 91 0 0 0 0 0 0 0
other 701 121 67 243 0 0 0 0 0 0 0
window 73 351 37 52 0 0 0 0 0 0 0
window 80 258 35 44 0 0 0 0 0 0 0
window 85 185 35 37 0 0 0 0 0 0 0
window 124 351 35 52 0 0 0 0 0 0 0
window 128 258 34 44 0 0 0 0 0 0 0
window 132 185 34 38 0 0 0 0 0 0 0
window 173 351 34 51 0 0 0 0 0 0 0
window 176 259 34 43 0 0 0 0 0 0 0
window 179 187 34 37 0 0 0 0 0 0 0
window 222 351 34 51 0 0 0 0 0 0 0
window 224 259 32 43 0 0 0 0 0 0 0
window 226 188 32 37 0 0 0 0 0 0 0
window 305 351 33 51 0 0 0 0 0 0 0
window 306 260 32 43 0 0 0 0 0 0 0
window 307 190 31 36 0 0 0 0 0 0 0
window 354 261 32 42 0 0 0 0 0 0 0
window 355 191 30 37 0 0 0 0 0 0 0
window 355 351 32 50 0 0 0 0 0 0 0
window 401 193 29 36 0 0 0 0 0 0 0
window 402 262 30 42 0 0 0 0 0 0 0
window 403 350 32 51 0 0 0 0 0 0 0
window 446 194 30 36 0 0 0 0 0 0 0
window 448 263 31 41 0 0 0 0 0 0 0
window 451 350 31 49 0 0 0 0 0 0 0
window 522 198 29 34 0 0 0 0 0 0 0
window 525 264 30 40 0 0 0 0 0 0 0
window 529 348 30 49 0 0 0 0 0 0 0
window 564 199 30 34 0 0 0 0 0 0 0
window 568 265 30 39 0 0 0 0 0 0 0
window 573 348 31 48 0 0 0 0 0 0 0
window 606 201 28 34 0 0 0 0 0 0 0
window 610 265 30 39 0 0 0 0 0 0 0
window 616 348 30 47 0 0 0 0 0 0 0
window 647 202 28 34 0 0 0 0 0 0 0
window 651 266 29 38 0 0 0 0 0 0 0
window 658 347 28 47 0 0 0 0 0 0 0
